DIM (15, 15)

// IO Ports from 
PINMAP (-1, -1, -1, -1, -1, -1, -1, 1, -1, -1, -1, -1, -1, -1, -1, -1, -1, -1, -1, -1, -1, -1, 2, -1, -1, -1, -1, -1, -1, -1, 1, 2, 3, -1, -1, -1, -1, 3, -1, -1, -1, -1, 3, 2, 1, -1, -1, 7, -1, -1, -1, -1, 5, -1, -1, -1, -1, 7, -1, -1, -1, -1, 14, -1, -1, -1, -1, 9, -1, -1, -1, -1, 12, -1, -1, -1, -1, 8, 3, 12, 1, 6, 14, 7, 11, 14, 6, 13, -1, -1, -1, -1, 6, -1, -1, -1, -1, -1, -1, -1, -1, -1, 9, -1, -1, 1, 4, 5, -1, -1, -1, -1, -1, -1, -1, -1, -1, 6, 5, 1, -1, -1, 12, -1, -1, -1, -1, -1, -1, -1, -1, -1, 14, -1, -1, -1, -1, 8, 7, 11, 9, 13, 10, 6, 13, 7, 11, 6, -1, -1, -1, -1, 4, -1, -1, -1, -1, 11, -1, -1, -1, -1, 2, -1, -1, -1, -1, 13, -1, -1, -1, -1, 6, -1, -1, -1, -1, 8, -1, -1, 1, 2, 3, -1, -1, -1, -1, 3, -1, -1, -1, -1, 3, 2, 1, -1, -1, -1, -1, -1, -1, -1, 2, -1, -1, -1, -1, -1, -1, -1, -1, -1, -1, -1, -1, -1, -1, 1, -1, -1, -1, -1, -1, -1, -1)

// Non-reconfigurable Resources from 

// Locations of the module locations (if fixed/applicable)

// Wire-segment descriptions
WIREGRIDDIM (129, 129)
NUMHTRACKS (3)
NUMVTRACKS (3)
RELLINE (1, 3, 64, 128, 64, 126)
RELLINE (1, 3, 64, 126, 64, 124)
RELLINE (1, 3, 64, 124, 64, 122)
RELLINE (1, 3, 64, 122, 64, 120)
RELLINE (1, 3, 64, 120, 66, 120)
RELLINE (1, 3, 66, 120, 67, 119)
RELLINE (1, 3, 67, 119, 68, 118)
RELLINE (1, 3, 68, 118, 70, 118)
RELLINE (1, 3, 70, 118, 72, 118)
RELLINE (1, 3, 72, 118, 74, 118)
RELLINE (1, 3, 74, 118, 76, 118)
RELLINE (1, 3, 76, 118, 78, 118)
RELLINE (1, 3, 78, 118, 80, 118)
RELLINE (1, 3, 80, 118, 82, 118)
RELLINE (1, 3, 82, 118, 84, 118)
RELLINE (1, 3, 84, 118, 86, 118)
RELLINE (1, 3, 86, 118, 88, 118)
RELLINE (1, 3, 88, 118, 90, 118)
RELLINE (1, 3, 90, 118, 92, 118)
RELLINE (1, 3, 92, 118, 94, 118)
RELLINE (1, 3, 94, 118, 96, 118)
RELLINE (1, 3, 96, 118, 98, 118)
RELLINE (1, 3, 98, 118, 99, 117)
RELLINE (1, 3, 99, 117, 100, 116)
RELLINE (1, 3, 100, 116, 102, 116)
RELLINE (1, 3, 102, 116, 103, 115)
RELLINE (1, 3, 103, 115, 104, 114)
RELLINE (1, 3, 104, 114, 106, 114)
RELLINE (1, 3, 106, 114, 106, 112)
RELLINE (1, 3, 106, 112, 107, 111)
RELLINE (1, 3, 107, 111, 108, 110)
RELLINE (1, 3, 108, 110, 110, 110)
RELLINE (1, 3, 110, 110, 112, 110)
RELLINE (1, 3, 112, 110, 114, 110)
RELLINE (1, 3, 114, 110, 115, 109)
RELLINE (1, 3, 115, 109, 116, 108)
RELLINE (1, 3, 116, 108, 117, 107)
RELLINE (1, 3, 117, 107, 118, 106)
RELLINE (1, 3, 118, 106, 118, 104)
RELLINE (1, 3, 118, 104, 120, 104)
RELLINE (1, 3, 120, 104, 120, 102)
RELLINE (1, 3, 120, 102, 121, 101)
RELLINE (1, 3, 121, 101, 122, 100)
RELLINE (1, 3, 122, 100, 122, 98)
RELLINE (1, 3, 122, 98, 122, 96)
RELLINE (1, 3, 122, 96, 122, 94)
RELLINE (1, 3, 122, 94, 122, 92)
RELLINE (1, 3, 122, 92, 122, 90)
RELLINE (1, 3, 122, 90, 122, 88)
RELLINE (1, 3, 122, 88, 122, 86)
RELLINE (1, 3, 122, 86, 122, 84)
RELLINE (1, 3, 122, 84, 122, 82)
RELLINE (1, 3, 122, 82, 122, 80)
RELLINE (1, 3, 122, 80, 122, 78)
RELLINE (1, 3, 122, 78, 122, 76)
RELLINE (1, 3, 122, 76, 122, 74)
RELLINE (1, 3, 122, 74, 122, 72)
RELLINE (1, 3, 122, 72, 122, 70)
RELLINE (1, 3, 122, 70, 122, 68)
RELLINE (1, 3, 122, 68, 121, 67)
RELLINE (1, 3, 121, 67, 120, 66)
RELLINE (1, 3, 120, 66, 120, 64)
RELLINE (1, 3, 120, 64, 119, 63)
RELLINE (1, 3, 119, 63, 118, 62)
RELLINE (1, 3, 118, 62, 118, 60)
RELLINE (1, 3, 118, 60, 118, 58)
RELLINE (1, 3, 118, 58, 118, 56)
RELLINE (1, 3, 118, 56, 118, 54)
RELLINE (1, 3, 118, 54, 118, 52)
RELLINE (1, 3, 118, 52, 118, 50)
RELLINE (1, 3, 118, 50, 118, 48)
RELLINE (1, 3, 118, 48, 118, 46)
RELLINE (1, 3, 118, 46, 118, 44)
RELLINE (1, 3, 118, 44, 118, 42)
RELLINE (1, 3, 118, 42, 118, 40)
RELLINE (1, 3, 118, 40, 118, 38)
RELLINE (1, 3, 118, 38, 118, 36)
RELLINE (1, 3, 118, 36, 118, 34)
RELLINE (1, 3, 118, 34, 118, 32)
RELLINE (1, 3, 118, 32, 118, 30)
RELLINE (1, 3, 118, 30, 118, 28)
RELLINE (1, 3, 118, 28, 118, 26)
RELLINE (1, 3, 118, 26, 119, 25)
RELLINE (1, 3, 119, 25, 120, 24)
RELLINE (1, 3, 120, 24, 119, 23)
RELLINE (1, 3, 119, 23, 118, 22)
RELLINE (1, 3, 118, 22, 116, 22)
RELLINE (1, 3, 116, 22, 114, 22)
RELLINE (1, 3, 114, 22, 112, 22)
RELLINE (1, 3, 112, 22, 110, 22)
RELLINE (1, 3, 110, 22, 108, 22)
RELLINE (1, 3, 108, 22, 106, 22)
RELLINE (1, 3, 106, 22, 104, 22)
RELLINE (1, 3, 104, 22, 102, 22)
RELLINE (1, 3, 102, 22, 100, 22)
RELLINE (1, 3, 100, 22, 98, 22)
RELLINE (1, 3, 98, 22, 96, 22)
RELLINE (1, 3, 96, 22, 94, 22)
RELLINE (1, 3, 94, 22, 92, 22)
RELLINE (1, 3, 92, 22, 90, 22)
RELLINE (1, 3, 90, 22, 88, 22)
RELLINE (1, 3, 88, 22, 86, 22)
RELLINE (1, 3, 86, 22, 84, 22)
RELLINE (1, 3, 84, 22, 82, 22)
RELLINE (1, 3, 82, 22, 80, 22)
RELLINE (1, 3, 80, 22, 79, 21)
RELLINE (1, 3, 79, 21, 78, 20)
RELLINE (1, 3, 78, 20, 76, 20)
RELLINE (1, 3, 76, 20, 76, 18)
RELLINE (1, 3, 76, 18, 76, 16)
RELLINE (1, 3, 76, 16, 75, 15)
RELLINE (1, 3, 75, 15, 74, 14)
RELLINE (1, 3, 74, 14, 74, 12)
RELLINE (1, 3, 74, 12, 72, 12)
RELLINE (1, 3, 72, 12, 71, 11)
RELLINE (1, 3, 71, 11, 70, 10)
RELLINE (1, 3, 70, 10, 68, 10)
RELLINE (1, 3, 68, 10, 66, 10)
RELLINE (1, 3, 66, 10, 66, 8)
RELLINE (1, 3, 66, 8, 64, 8)
RELLINE (1, 3, 64, 8, 62, 8)
RELLINE (1, 3, 62, 8, 62, 10)
RELLINE (1, 3, 62, 10, 62, 12)
RELLINE (1, 3, 62, 12, 62, 14)
RELLINE (1, 3, 62, 14, 62, 16)
RELLINE (1, 3, 62, 16, 62, 18)
RELLINE (1, 3, 62, 18, 62, 20)
RELLINE (1, 3, 62, 20, 62, 22)
RELLINE (1, 3, 62, 22, 62, 24)
RELLINE (1, 3, 62, 24, 62, 26)
RELLINE (1, 3, 62, 26, 62, 28)
RELLINE (1, 3, 62, 28, 62, 30)
RELLINE (1, 3, 62, 30, 62, 32)
RELLINE (1, 3, 62, 32, 62, 34)
RELLINE (1, 3, 62, 34, 61, 35)
RELLINE (1, 3, 61, 35, 60, 36)
RELLINE (1, 3, 60, 36, 60, 38)
RELLINE (1, 3, 60, 38, 60, 40)
RELLINE (1, 3, 60, 40, 59, 41)
RELLINE (1, 3, 59, 41, 58, 42)
RELLINE (1, 3, 58, 42, 57, 43)
RELLINE (1, 3, 57, 43, 56, 44)
RELLINE (1, 3, 56, 44, 55, 45)
RELLINE (1, 3, 55, 45, 54, 46)
RELLINE (1, 3, 54, 46, 52, 46)
RELLINE (1, 3, 52, 46, 51, 47)
RELLINE (1, 3, 51, 47, 50, 48)
RELLINE (1, 3, 50, 48, 48, 48)
RELLINE (1, 3, 48, 48, 46, 48)
RELLINE (1, 3, 46, 48, 45, 49)
RELLINE (1, 3, 45, 49, 44, 50)
RELLINE (1, 3, 44, 50, 42, 50)
RELLINE (1, 3, 42, 50, 40, 50)
RELLINE (1, 3, 40, 50, 38, 50)
RELLINE (1, 3, 38, 50, 36, 50)
RELLINE (1, 3, 36, 50, 34, 50)
RELLINE (1, 3, 34, 50, 32, 50)
RELLINE (1, 3, 32, 50, 30, 50)
RELLINE (1, 3, 30, 50, 28, 50)
RELLINE (1, 3, 28, 50, 26, 50)
RELLINE (1, 3, 26, 50, 24, 50)
RELLINE (1, 3, 24, 50, 22, 50)
RELLINE (1, 3, 22, 50, 20, 50)
RELLINE (1, 3, 20, 50, 19, 51)
RELLINE (1, 3, 19, 51, 18, 52)
RELLINE (1, 3, 18, 52, 18, 54)
RELLINE (1, 3, 18, 54, 16, 54)
RELLINE (1, 3, 16, 54, 15, 55)
RELLINE (1, 3, 15, 55, 14, 56)
RELLINE (1, 3, 14, 56, 14, 58)
RELLINE (1, 3, 14, 58, 13, 59)
RELLINE (1, 3, 13, 59, 12, 60)
RELLINE (1, 3, 12, 60, 10, 60)
RELLINE (1, 3, 10, 60, 9, 61)
RELLINE (1, 3, 9, 61, 8, 62)
RELLINE (1, 3, 8, 62, 8, 64)
RELLINE (1, 3, 8, 64, 8, 66)
RELLINE (1, 3, 8, 66, 9, 67)
RELLINE (1, 3, 9, 67, 10, 68)
RELLINE (1, 3, 10, 68, 10, 70)
RELLINE (1, 3, 10, 70, 10, 72)
RELLINE (1, 3, 10, 72, 10, 74)
RELLINE (1, 3, 10, 74, 10, 76)
RELLINE (1, 3, 10, 76, 10, 78)
RELLINE (1, 3, 10, 78, 10, 80)
RELLINE (1, 3, 10, 80, 10, 82)
RELLINE (1, 3, 10, 82, 10, 84)
RELLINE (1, 3, 10, 84, 10, 86)
RELLINE (1, 3, 10, 86, 10, 88)
RELLINE (1, 3, 10, 88, 10, 90)
RELLINE (1, 3, 10, 90, 10, 92)
RELLINE (1, 3, 10, 92, 10, 94)
RELLINE (1, 3, 10, 94, 10, 96)
RELLINE (1, 3, 10, 96, 10, 98)
RELLINE (1, 3, 10, 98, 10, 100)
RELLINE (1, 3, 10, 100, 10, 102)
RELLINE (1, 3, 10, 102, 10, 104)
RELLINE (1, 3, 10, 104, 8, 104)
RELLINE (1, 3, 8, 104, 8, 102)
RELLINE (1, 3, 8, 102, 7, 101)
RELLINE (1, 3, 7, 101, 6, 100)
RELLINE (1, 3, 6, 100, 6, 98)
RELLINE (1, 3, 6, 98, 6, 96)
RELLINE (1, 3, 6, 96, 6, 94)
RELLINE (1, 3, 6, 94, 6, 92)
RELLINE (1, 3, 6, 92, 6, 90)
RELLINE (1, 3, 6, 90, 6, 88)
RELLINE (1, 3, 6, 88, 6, 86)
RELLINE (1, 3, 6, 86, 6, 84)
RELLINE (1, 3, 6, 84, 6, 82)
RELLINE (1, 3, 6, 82, 6, 80)
RELLINE (1, 3, 6, 80, 6, 78)
RELLINE (1, 3, 6, 78, 6, 76)
RELLINE (1, 3, 6, 76, 6, 74)
RELLINE (1, 3, 6, 74, 6, 72)
RELLINE (1, 3, 6, 72, 6, 70)
RELLINE (1, 3, 6, 70, 6, 68)
RELLINE (1, 3, 6, 68, 6, 66)
RELLINE (1, 3, 6, 66, 6, 64)
RELLINE (1, 3, 6, 64, 6, 62)
RELLINE (1, 3, 6, 62, 6, 60)
RELLINE (1, 3, 6, 60, 6, 58)
RELLINE (1, 3, 6, 58, 6, 56)
RELLINE (1, 3, 6, 56, 6, 54)
RELLINE (1, 3, 6, 54, 6, 52)
RELLINE (1, 3, 6, 52, 6, 50)
RELLINE (1, 3, 6, 50, 6, 48)
RELLINE (1, 3, 6, 48, 6, 46)
RELLINE (1, 3, 6, 46, 6, 44)
RELLINE (1, 3, 6, 44, 6, 42)
RELLINE (1, 3, 6, 42, 6, 40)
RELLINE (1, 3, 6, 40, 6, 38)
RELLINE (1, 3, 6, 38, 6, 36)
RELLINE (1, 3, 6, 36, 6, 34)
RELLINE (1, 3, 6, 34, 6, 32)
RELLINE (1, 3, 6, 32, 6, 30)
RELLINE (1, 3, 6, 30, 6, 28)
RELLINE (1, 3, 6, 28, 7, 27)
RELLINE (1, 3, 7, 27, 8, 26)
RELLINE (1, 3, 8, 26, 8, 24)
RELLINE (2, 1, 62, 0, 62, 2)
RELLINE (2, 1, 62, 2, 62, 4)
RELLINE (2, 1, 62, 4, 62, 6)
RELLINE (2, 1, 62, 6, 62, 8)
RELLINE (2, 1, 62, 8, 62, 10)
RELLINE (2, 1, 62, 10, 62, 12)
RELLINE (2, 1, 62, 12, 63, 13)
RELLINE (2, 1, 63, 13, 64, 14)
RELLINE (2, 1, 64, 14, 64, 16)
RELLINE (2, 1, 64, 16, 66, 16)
RELLINE (2, 1, 64, 16, 64, 18)
RELLINE (2, 1, 66, 16, 67, 17)
RELLINE (2, 1, 67, 17, 68, 18)
RELLINE (2, 1, 68, 18, 70, 18)
RELLINE (2, 1, 70, 18, 72, 18)
RELLINE (2, 1, 72, 18, 73, 19)
RELLINE (2, 1, 73, 19, 74, 20)
RELLINE (2, 1, 74, 20, 76, 20)
RELLINE (2, 1, 76, 20, 78, 20)
RELLINE (2, 1, 78, 20, 80, 20)
RELLINE (2, 1, 80, 20, 82, 20)
RELLINE (2, 1, 82, 20, 84, 20)
RELLINE (2, 1, 84, 20, 86, 20)
RELLINE (2, 1, 86, 20, 88, 20)
RELLINE (2, 1, 88, 20, 90, 20)
RELLINE (2, 1, 90, 20, 92, 20)
RELLINE (2, 1, 92, 20, 94, 20)
RELLINE (2, 1, 94, 20, 96, 20)
RELLINE (2, 1, 96, 20, 98, 20)
RELLINE (2, 1, 98, 20, 100, 20)
RELLINE (2, 1, 100, 20, 102, 20)
RELLINE (2, 1, 102, 20, 104, 20)
RELLINE (2, 1, 104, 20, 106, 20)
RELLINE (2, 1, 106, 20, 108, 20)
RELLINE (2, 1, 108, 20, 110, 20)
RELLINE (2, 1, 110, 20, 111, 21)
RELLINE (2, 1, 111, 21, 112, 22)
RELLINE (2, 1, 112, 22, 112, 24)
RELLINE (2, 1, 112, 24, 113, 25)
RELLINE (2, 1, 64, 18, 62, 18)
RELLINE (2, 1, 62, 18, 60, 18)
RELLINE (2, 1, 60, 18, 58, 18)
RELLINE (2, 1, 58, 18, 56, 18)
RELLINE (2, 1, 56, 18, 54, 18)
RELLINE (2, 1, 54, 18, 52, 18)
RELLINE (2, 1, 52, 18, 50, 18)
RELLINE (2, 1, 50, 18, 48, 18)
RELLINE (2, 1, 48, 18, 46, 18)
RELLINE (2, 1, 46, 18, 44, 18)
RELLINE (2, 1, 44, 18, 42, 18)
RELLINE (2, 1, 42, 18, 40, 18)
RELLINE (2, 1, 40, 18, 38, 18)
RELLINE (2, 1, 38, 18, 36, 18)
RELLINE (2, 1, 36, 18, 34, 18)
RELLINE (2, 1, 34, 18, 32, 18)
RELLINE (2, 1, 32, 18, 30, 18)
RELLINE (2, 1, 30, 18, 28, 18)
RELLINE (2, 1, 28, 18, 26, 18)
RELLINE (2, 1, 26, 18, 24, 18)
RELLINE (2, 1, 24, 18, 22, 18)
RELLINE (2, 1, 22, 18, 21, 19)
RELLINE (2, 1, 21, 19, 20, 20)
RELLINE (2, 1, 20, 20, 18, 20)
RELLINE (2, 1, 18, 20, 17, 21)
RELLINE (2, 1, 17, 21, 16, 22)
RELLINE (2, 1, 16, 22, 16, 24)
RELLINE (2, 1, 113, 25, 114, 26)
RELLINE (2, 1, 114, 26, 114, 28)
RELLINE (2, 1, 114, 28, 114, 30)
RELLINE (2, 1, 114, 30, 114, 32)
RELLINE (2, 1, 114, 32, 114, 34)
RELLINE (2, 1, 114, 34, 114, 36)
RELLINE (2, 1, 114, 36, 114, 38)
RELLINE (2, 1, 114, 38, 114, 40)
RELLINE (2, 1, 114, 40, 114, 42)
RELLINE (2, 1, 114, 42, 114, 44)
RELLINE (2, 1, 114, 44, 114, 46)
RELLINE (2, 1, 114, 46, 114, 48)
RELLINE (2, 1, 114, 48, 114, 50)
RELLINE (2, 1, 114, 50, 114, 52)
RELLINE (2, 1, 114, 52, 114, 54)
RELLINE (2, 1, 114, 54, 114, 56)
RELLINE (2, 1, 114, 56, 114, 58)
RELLINE (2, 1, 114, 58, 114, 60)
RELLINE (2, 1, 114, 60, 114, 62)
RELLINE (2, 1, 114, 62, 114, 64)
RELLINE (2, 1, 114, 64, 114, 66)
RELLINE (2, 1, 114, 66, 114, 68)
RELLINE (2, 1, 114, 68, 114, 70)
RELLINE (2, 1, 114, 70, 114, 72)
RELLINE (2, 1, 114, 72, 114, 74)
RELLINE (2, 1, 114, 74, 114, 76)
RELLINE (2, 1, 114, 76, 114, 78)
RELLINE (2, 1, 114, 78, 114, 80)
RELLINE (2, 1, 114, 80, 114, 82)
RELLINE (2, 1, 114, 82, 114, 84)
RELLINE (2, 1, 114, 84, 114, 86)
RELLINE (2, 1, 114, 86, 114, 88)
RELLINE (2, 1, 114, 88, 114, 90)
RELLINE (2, 1, 114, 90, 114, 92)
RELLINE (2, 1, 114, 92, 114, 94)
RELLINE (2, 1, 114, 94, 114, 96)
RELLINE (2, 1, 114, 96, 114, 98)
RELLINE (2, 1, 114, 98, 114, 100)
RELLINE (2, 1, 114, 100, 114, 102)
RELLINE (2, 1, 114, 102, 114, 104)
RELLINE (2, 1, 114, 104, 112, 104)
RELLINE (2, 1, 112, 104, 110, 104)
RELLINE (2, 1, 112, 104, 112, 102)
RELLINE (2, 1, 110, 104, 109, 105)
RELLINE (2, 1, 109, 105, 108, 106)
RELLINE (2, 1, 108, 106, 106, 106)
RELLINE (2, 1, 106, 106, 105, 107)
RELLINE (2, 1, 105, 107, 104, 108)
RELLINE (2, 1, 104, 108, 102, 108)
RELLINE (2, 1, 102, 108, 100, 108)
RELLINE (2, 1, 100, 108, 98, 108)
RELLINE (2, 1, 98, 108, 96, 108)
RELLINE (2, 1, 96, 108, 94, 108)
RELLINE (2, 1, 94, 108, 92, 108)
RELLINE (2, 1, 92, 108, 90, 108)
RELLINE (2, 1, 90, 108, 88, 108)
RELLINE (2, 1, 88, 108, 86, 108)
RELLINE (2, 1, 86, 108, 84, 108)
RELLINE (2, 1, 84, 108, 82, 108)
RELLINE (2, 1, 82, 108, 80, 108)
RELLINE (2, 1, 80, 108, 78, 108)
RELLINE (2, 1, 78, 108, 76, 108)
RELLINE (2, 1, 76, 108, 74, 108)
RELLINE (2, 1, 74, 108, 72, 108)
RELLINE (2, 1, 72, 108, 70, 108)
RELLINE (2, 1, 70, 108, 68, 108)
RELLINE (2, 1, 68, 108, 66, 108)
RELLINE (2, 1, 66, 108, 66, 110)
RELLINE (2, 1, 66, 110, 65, 111)
RELLINE (2, 1, 65, 111, 64, 112)
RELLINE (2, 1, 64, 112, 63, 111)
RELLINE (2, 1, 63, 111, 62, 110)
RELLINE (2, 1, 62, 110, 60, 110)
RELLINE (2, 1, 60, 110, 58, 110)
RELLINE (2, 1, 58, 110, 56, 110)
RELLINE (2, 1, 56, 110, 54, 110)
RELLINE (2, 1, 54, 110, 52, 110)
RELLINE (2, 1, 52, 110, 50, 110)
RELLINE (2, 1, 50, 110, 48, 110)
RELLINE (2, 1, 48, 110, 46, 110)
RELLINE (2, 1, 46, 110, 44, 110)
RELLINE (2, 1, 44, 110, 42, 110)
RELLINE (2, 1, 42, 110, 40, 110)
RELLINE (2, 1, 40, 110, 38, 110)
RELLINE (2, 1, 38, 110, 36, 110)
RELLINE (2, 1, 36, 110, 34, 110)
RELLINE (2, 1, 34, 110, 32, 110)
RELLINE (2, 1, 32, 110, 30, 110)
RELLINE (2, 1, 30, 110, 28, 110)
RELLINE (2, 1, 28, 110, 26, 110)
RELLINE (2, 1, 26, 110, 24, 110)
RELLINE (2, 1, 24, 110, 22, 110)
RELLINE (2, 1, 22, 110, 20, 110)
RELLINE (2, 1, 20, 110, 20, 108)
RELLINE (2, 1, 20, 108, 20, 106)
RELLINE (2, 1, 20, 106, 19, 105)
RELLINE (2, 1, 19, 105, 18, 104)
RELLINE (2, 1, 18, 104, 16, 104)
RELLINE (2, 1, 112, 102, 111, 101)
RELLINE (2, 1, 111, 101, 110, 100)
RELLINE (2, 1, 110, 100, 110, 98)
RELLINE (2, 1, 110, 98, 109, 97)
RELLINE (2, 1, 109, 97, 108, 96)
RELLINE (2, 1, 108, 96, 107, 95)
RELLINE (2, 1, 107, 95, 106, 94)
RELLINE (2, 1, 106, 94, 105, 93)
RELLINE (2, 1, 105, 93, 104, 92)
RELLINE (2, 1, 104, 92, 103, 91)
RELLINE (2, 1, 103, 91, 104, 90)
RELLINE (2, 1, 104, 90, 104, 88)
RELLINE (3, 2, 102, 0, 102, 2)
RELLINE (3, 2, 102, 2, 102, 4)
RELLINE (3, 2, 102, 4, 102, 6)
RELLINE (3, 2, 102, 6, 102, 8)
RELLINE (3, 2, 102, 8, 102, 10)
RELLINE (3, 2, 102, 10, 102, 12)
RELLINE (3, 2, 102, 12, 102, 14)
RELLINE (3, 2, 102, 14, 102, 16)
RELLINE (3, 2, 102, 16, 102, 18)
RELLINE (3, 2, 102, 18, 102, 20)
RELLINE (3, 2, 102, 20, 102, 22)
RELLINE (3, 2, 102, 22, 103, 23)
RELLINE (3, 2, 103, 23, 104, 24)
RELLINE (3, 2, 104, 24, 102, 24)
RELLINE (3, 2, 102, 24, 101, 25)
RELLINE (3, 2, 101, 25, 100, 26)
RELLINE (3, 2, 100, 26, 98, 26)
RELLINE (3, 2, 98, 26, 96, 26)
RELLINE (3, 2, 96, 26, 94, 26)
RELLINE (3, 2, 94, 26, 92, 26)
RELLINE (3, 2, 92, 26, 90, 26)
RELLINE (3, 2, 90, 26, 88, 26)
RELLINE (3, 2, 88, 26, 86, 26)
RELLINE (3, 2, 86, 26, 84, 26)
RELLINE (3, 2, 84, 26, 82, 26)
RELLINE (3, 2, 82, 26, 80, 26)
RELLINE (3, 2, 80, 26, 78, 26)
RELLINE (3, 2, 78, 26, 76, 26)
RELLINE (3, 2, 76, 26, 74, 26)
RELLINE (3, 2, 74, 26, 72, 26)
RELLINE (3, 2, 72, 26, 70, 26)
RELLINE (3, 2, 70, 26, 68, 26)
RELLINE (3, 2, 68, 26, 66, 26)
RELLINE (3, 2, 66, 26, 65, 25)
RELLINE (3, 2, 65, 25, 64, 24)
RELLINE (3, 2, 64, 24, 62, 24)
RELLINE (3, 2, 62, 24, 61, 25)
RELLINE (3, 2, 61, 25, 60, 26)
RELLINE (3, 2, 60, 26, 58, 26)
RELLINE (3, 2, 58, 26, 56, 26)
RELLINE (3, 2, 56, 26, 54, 26)
RELLINE (3, 2, 54, 26, 52, 26)
RELLINE (3, 2, 52, 26, 50, 26)
RELLINE (3, 2, 50, 26, 48, 26)
RELLINE (3, 2, 48, 26, 46, 26)
RELLINE (3, 2, 46, 26, 44, 26)
RELLINE (3, 2, 44, 26, 42, 26)
RELLINE (3, 2, 42, 26, 40, 26)
RELLINE (3, 2, 40, 26, 38, 26)
RELLINE (3, 2, 38, 26, 36, 26)
RELLINE (3, 2, 36, 26, 34, 26)
RELLINE (3, 2, 34, 26, 32, 26)
RELLINE (3, 2, 32, 26, 30, 26)
RELLINE (3, 2, 30, 26, 28, 26)
RELLINE (3, 2, 28, 26, 26, 26)
RELLINE (3, 2, 26, 26, 24, 26)
RELLINE (3, 2, 24, 26, 24, 24)
RELLINE (3, 2, 24, 24, 22, 24)
RELLINE (3, 2, 22, 24, 22, 26)
RELLINE (3, 2, 22, 26, 22, 28)
RELLINE (3, 2, 22, 28, 22, 30)
RELLINE (3, 2, 22, 30, 22, 32)
RELLINE (3, 2, 22, 32, 22, 34)
RELLINE (3, 2, 22, 34, 22, 36)
RELLINE (3, 2, 22, 36, 22, 38)
RELLINE (3, 2, 22, 38, 22, 40)
RELLINE (3, 2, 22, 40, 23, 41)
RELLINE (3, 2, 23, 41, 24, 42)
RELLINE (3, 2, 24, 42, 25, 43)
RELLINE (3, 2, 25, 43, 26, 44)
RELLINE (3, 2, 26, 44, 27, 45)
RELLINE (3, 2, 27, 45, 28, 46)
RELLINE (3, 2, 28, 46, 29, 47)
RELLINE (3, 2, 29, 47, 30, 48)
RELLINE (3, 2, 30, 48, 32, 48)
RELLINE (3, 2, 32, 48, 32, 50)
RELLINE (3, 2, 32, 50, 31, 51)
RELLINE (3, 2, 31, 51, 30, 52)
RELLINE (3, 2, 30, 52, 29, 53)
RELLINE (3, 2, 29, 53, 28, 54)
RELLINE (3, 2, 28, 54, 28, 56)
RELLINE (3, 2, 28, 56, 28, 58)
RELLINE (3, 2, 28, 58, 28, 60)
RELLINE (3, 2, 28, 60, 28, 62)
RELLINE (3, 2, 28, 62, 28, 64)
RELLINE (3, 2, 28, 64, 28, 66)
RELLINE (3, 2, 28, 66, 28, 68)
RELLINE (3, 2, 28, 68, 28, 70)
RELLINE (3, 2, 28, 70, 28, 72)
RELLINE (3, 2, 28, 72, 28, 74)
RELLINE (3, 2, 28, 74, 28, 76)
RELLINE (3, 2, 28, 76, 28, 78)
RELLINE (3, 2, 28, 78, 28, 80)
RELLINE (3, 2, 28, 80, 28, 82)
RELLINE (3, 2, 28, 82, 28, 84)
RELLINE (3, 2, 28, 84, 28, 86)
RELLINE (3, 2, 28, 86, 28, 88)
RELLINE (3, 2, 28, 88, 28, 90)
RELLINE (3, 2, 28, 90, 28, 92)
RELLINE (3, 2, 28, 92, 28, 94)
RELLINE (3, 2, 28, 94, 27, 95)
RELLINE (3, 2, 27, 95, 26, 96)
RELLINE (3, 2, 26, 96, 26, 98)
RELLINE (3, 2, 26, 98, 26, 100)
RELLINE (3, 2, 26, 100, 26, 102)
RELLINE (3, 2, 26, 102, 25, 103)
RELLINE (3, 2, 25, 103, 24, 104)
RELLINE (3, 2, 24, 104, 26, 104)
RELLINE (3, 2, 26, 104, 27, 103)
RELLINE (3, 2, 27, 103, 28, 102)
RELLINE (3, 2, 28, 102, 30, 102)
RELLINE (3, 2, 30, 102, 32, 102)
RELLINE (3, 2, 32, 102, 34, 102)
RELLINE (3, 2, 34, 102, 36, 102)
RELLINE (3, 2, 36, 102, 38, 102)
RELLINE (3, 2, 38, 102, 40, 102)
RELLINE (3, 2, 40, 102, 42, 102)
RELLINE (3, 2, 42, 102, 44, 102)
RELLINE (3, 2, 44, 102, 46, 102)
RELLINE (3, 2, 46, 102, 48, 102)
RELLINE (3, 2, 48, 102, 50, 102)
RELLINE (3, 2, 50, 102, 52, 102)
RELLINE (3, 2, 52, 102, 54, 102)
RELLINE (3, 2, 54, 102, 56, 102)
RELLINE (3, 2, 56, 102, 58, 102)
RELLINE (3, 2, 58, 102, 60, 102)
RELLINE (3, 2, 60, 102, 62, 102)
RELLINE (3, 2, 62, 102, 63, 103)
RELLINE (3, 2, 63, 103, 64, 104)
RELLINE (3, 2, 64, 104, 66, 104)
RELLINE (3, 2, 66, 104, 67, 105)
RELLINE (3, 2, 67, 105, 68, 106)
RELLINE (3, 2, 68, 106, 70, 106)
RELLINE (3, 2, 70, 106, 72, 106)
RELLINE (3, 2, 72, 106, 74, 106)
RELLINE (3, 2, 74, 106, 76, 106)
RELLINE (3, 2, 76, 106, 78, 106)
RELLINE (3, 2, 78, 106, 80, 106)
RELLINE (3, 2, 80, 106, 82, 106)
RELLINE (3, 2, 82, 106, 84, 106)
RELLINE (3, 2, 84, 106, 86, 106)
RELLINE (3, 2, 86, 106, 88, 106)
RELLINE (3, 2, 88, 106, 90, 106)
RELLINE (3, 2, 90, 106, 92, 106)
RELLINE (3, 2, 92, 106, 94, 106)
RELLINE (3, 2, 94, 106, 96, 106)
RELLINE (3, 2, 96, 106, 98, 106)
RELLINE (3, 2, 98, 106, 100, 106)
RELLINE (3, 2, 100, 106, 102, 106)
RELLINE (3, 2, 102, 106, 104, 106)
RELLINE (3, 2, 104, 106, 104, 104)
RELLINE (4, 0, 0, 62, 2, 62)
RELLINE (4, 0, 2, 62, 4, 62)
RELLINE (4, 0, 4, 62, 6, 62)
RELLINE (4, 0, 6, 62, 8, 62)
RELLINE (4, 0, 8, 62, 10, 62)
RELLINE (4, 0, 10, 62, 12, 62)
RELLINE (4, 0, 12, 62, 13, 63)
RELLINE (4, 0, 13, 63, 14, 64)
RELLINE (4, 0, 14, 64, 16, 64)
RELLINE (4, 0, 16, 64, 16, 66)
RELLINE (4, 0, 16, 66, 17, 67)
RELLINE (4, 0, 17, 67, 18, 68)
RELLINE (4, 0, 18, 68, 18, 70)
RELLINE (4, 0, 18, 70, 18, 72)
RELLINE (4, 0, 18, 72, 18, 74)
RELLINE (4, 0, 18, 74, 18, 76)
RELLINE (4, 0, 18, 76, 20, 76)
RELLINE (4, 0, 20, 76, 21, 77)
RELLINE (4, 0, 21, 77, 22, 78)
RELLINE (4, 0, 22, 78, 22, 80)
RELLINE (4, 0, 22, 80, 22, 82)
RELLINE (4, 0, 22, 82, 22, 84)
RELLINE (4, 0, 22, 84, 22, 86)
RELLINE (4, 0, 22, 86, 23, 87)
RELLINE (4, 0, 23, 87, 24, 88)
RELLINE (5, 0, 128, 64, 126, 64)
RELLINE (5, 0, 126, 64, 124, 64)
RELLINE (5, 0, 124, 64, 123, 65)
RELLINE (5, 0, 123, 65, 122, 66)
RELLINE (5, 0, 122, 66, 120, 66)
RELLINE (5, 0, 120, 66, 118, 66)
RELLINE (5, 0, 118, 66, 116, 66)
RELLINE (5, 0, 116, 66, 114, 66)
RELLINE (5, 0, 114, 66, 114, 64)
RELLINE (5, 0, 114, 64, 112, 64)
RELLINE (5, 0, 112, 64, 110, 64)
RELLINE (5, 0, 110, 64, 109, 63)
RELLINE (5, 0, 109, 63, 108, 62)
RELLINE (5, 0, 108, 62, 106, 62)
RELLINE (5, 0, 106, 62, 104, 62)
RELLINE (5, 0, 104, 62, 102, 62)
RELLINE (5, 0, 102, 62, 100, 62)
RELLINE (5, 0, 100, 62, 98, 62)
RELLINE (5, 0, 98, 62, 97, 61)
RELLINE (5, 0, 97, 61, 96, 60)
RELLINE (5, 0, 96, 60, 95, 59)
RELLINE (5, 0, 95, 59, 94, 58)
RELLINE (5, 0, 94, 58, 93, 57)
RELLINE (5, 0, 93, 57, 92, 56)
RELLINE (5, 0, 92, 56, 92, 54)
RELLINE (5, 0, 92, 54, 91, 53)
RELLINE (5, 0, 91, 53, 90, 52)
RELLINE (5, 0, 90, 52, 89, 51)
RELLINE (5, 0, 89, 51, 88, 50)
RELLINE (5, 0, 88, 50, 86, 50)
RELLINE (5, 0, 86, 50, 85, 49)
RELLINE (5, 0, 85, 49, 84, 48)
RELLINE (5, 0, 84, 48, 83, 47)
RELLINE (5, 0, 83, 47, 82, 46)
RELLINE (5, 0, 82, 46, 80, 46)
RELLINE (5, 0, 80, 46, 78, 46)
RELLINE (5, 0, 78, 46, 77, 47)
RELLINE (5, 0, 77, 47, 76, 48)
RELLINE (5, 0, 76, 48, 76, 50)
RELLINE (5, 0, 76, 50, 76, 52)
RELLINE (5, 0, 76, 52, 76, 54)
RELLINE (5, 0, 76, 54, 76, 56)
RELLINE (5, 0, 76, 56, 76, 58)
RELLINE (5, 0, 76, 58, 76, 60)
RELLINE (5, 0, 76, 60, 76, 62)
RELLINE (5, 0, 76, 62, 74, 62)
RELLINE (5, 0, 74, 62, 72, 62)
RELLINE (5, 0, 72, 62, 71, 63)
RELLINE (5, 0, 71, 63, 70, 64)
RELLINE (5, 0, 70, 64, 69, 65)
RELLINE (5, 0, 69, 65, 68, 66)
RELLINE (5, 0, 68, 66, 67, 67)
RELLINE (5, 0, 67, 67, 66, 68)
RELLINE (5, 0, 66, 68, 65, 69)
RELLINE (5, 0, 65, 69, 64, 70)
RELLINE (5, 0, 64, 70, 64, 72)
RELLINE (5, 0, 64, 72, 64, 74)
RELLINE (5, 0, 64, 74, 62, 74)
RELLINE (5, 0, 62, 74, 61, 75)
RELLINE (5, 0, 61, 75, 60, 76)
RELLINE (5, 0, 60, 76, 58, 76)
RELLINE (5, 0, 58, 76, 56, 76)
RELLINE (5, 0, 56, 76, 55, 77)
RELLINE (5, 0, 55, 77, 54, 78)
RELLINE (5, 0, 54, 78, 52, 78)
RELLINE (5, 0, 52, 78, 51, 79)
RELLINE (5, 0, 51, 79, 50, 80)
RELLINE (5, 0, 50, 80, 49, 81)
RELLINE (5, 0, 49, 81, 48, 82)
RELLINE (5, 0, 48, 82, 47, 81)
RELLINE (5, 0, 47, 81, 46, 80)
RELLINE (5, 0, 46, 80, 46, 78)
RELLINE (5, 0, 46, 78, 44, 78)
RELLINE (5, 0, 44, 78, 42, 78)
RELLINE (5, 0, 42, 78, 40, 78)
RELLINE (5, 0, 40, 78, 38, 78)
RELLINE (5, 0, 38, 78, 36, 78)
RELLINE (5, 0, 36, 78, 34, 78)
RELLINE (5, 0, 34, 78, 32, 78)
RELLINE (5, 0, 32, 78, 30, 78)
RELLINE (5, 0, 30, 78, 30, 76)
RELLINE (5, 0, 30, 76, 28, 76)
RELLINE (5, 0, 28, 76, 28, 74)
RELLINE (5, 0, 28, 74, 26, 74)
RELLINE (5, 0, 26, 74, 24, 74)
RELLINE (5, 0, 24, 74, 23, 73)
RELLINE (5, 0, 23, 73, 22, 72)
RELLINE (5, 0, 22, 72, 23, 71)
RELLINE (5, 0, 23, 71, 24, 70)
RELLINE (5, 0, 24, 70, 23, 69)
RELLINE (5, 0, 23, 69, 22, 68)
RELLINE (5, 0, 22, 68, 23, 67)
RELLINE (5, 0, 23, 67, 24, 66)
RELLINE (5, 0, 24, 66, 24, 64)
RELLINE (5, 0, 24, 64, 26, 64)
RELLINE (5, 0, 26, 64, 27, 63)
RELLINE (5, 0, 27, 63, 28, 62)
RELLINE (5, 0, 28, 62, 28, 60)
RELLINE (5, 0, 28, 60, 28, 58)
RELLINE (5, 0, 28, 58, 28, 56)
RELLINE (5, 0, 28, 56, 29, 55)
RELLINE (5, 0, 29, 55, 30, 54)
RELLINE (5, 0, 30, 54, 31, 53)
RELLINE (5, 0, 31, 53, 32, 52)
RELLINE (5, 0, 32, 52, 33, 51)
RELLINE (5, 0, 33, 51, 34, 50)
RELLINE (5, 0, 34, 50, 35, 49)
RELLINE (5, 0, 35, 49, 36, 48)
RELLINE (5, 0, 36, 48, 37, 47)
RELLINE (5, 0, 37, 47, 38, 46)
RELLINE (5, 0, 38, 46, 39, 45)
RELLINE (5, 0, 39, 45, 40, 44)
RELLINE (5, 0, 40, 44, 42, 44)
RELLINE (5, 0, 42, 44, 43, 43)
RELLINE (5, 0, 43, 43, 44, 42)
RELLINE (5, 0, 44, 42, 46, 42)
RELLINE (5, 0, 46, 42, 47, 41)
RELLINE (5, 0, 47, 41, 48, 40)
RELLINE (5, 0, 48, 40, 49, 39)
RELLINE (5, 0, 49, 39, 50, 38)
RELLINE (5, 0, 50, 38, 51, 37)
RELLINE (5, 0, 51, 37, 52, 36)
RELLINE (5, 0, 52, 36, 53, 35)
RELLINE (5, 0, 53, 35, 54, 34)
RELLINE (5, 0, 54, 34, 56, 34)
RELLINE (5, 0, 56, 34, 58, 34)
RELLINE (5, 0, 58, 34, 60, 34)
RELLINE (5, 0, 60, 34, 62, 34)
RELLINE (5, 0, 62, 34, 62, 32)
RELLINE (5, 0, 62, 32, 64, 32)
RELLINE (6, 2, 0, 54, 2, 54)
RELLINE (6, 2, 2, 54, 4, 54)
RELLINE (6, 2, 4, 54, 6, 54)
RELLINE (6, 2, 6, 54, 8, 54)
RELLINE (6, 2, 8, 54, 10, 54)
RELLINE (6, 2, 10, 54, 12, 54)
RELLINE (6, 2, 12, 54, 14, 54)
RELLINE (6, 2, 14, 54, 16, 54)
RELLINE (6, 2, 16, 54, 18, 54)
RELLINE (6, 2, 18, 54, 20, 54)
RELLINE (6, 2, 20, 54, 21, 55)
RELLINE (6, 2, 21, 55, 22, 56)
RELLINE (6, 2, 22, 56, 24, 56)
RELLINE (6, 2, 24, 56, 24, 58)
RELLINE (6, 2, 24, 58, 22, 58)
RELLINE (6, 2, 22, 58, 22, 60)
RELLINE (6, 2, 22, 60, 22, 62)
RELLINE (6, 2, 22, 62, 22, 64)
RELLINE (6, 2, 22, 64, 22, 66)
RELLINE (6, 2, 22, 66, 22, 68)
RELLINE (6, 2, 22, 68, 22, 70)
RELLINE (6, 2, 22, 70, 22, 72)
RELLINE (6, 2, 22, 72, 22, 74)
RELLINE (6, 2, 22, 74, 22, 76)
RELLINE (6, 2, 22, 76, 22, 78)
RELLINE (6, 2, 22, 78, 22, 80)
RELLINE (6, 2, 22, 80, 22, 82)
RELLINE (6, 2, 22, 82, 22, 84)
RELLINE (6, 2, 22, 84, 22, 86)
RELLINE (6, 2, 22, 86, 22, 88)
RELLINE (6, 2, 22, 88, 22, 90)
RELLINE (6, 2, 22, 90, 22, 92)
RELLINE (6, 2, 22, 92, 22, 94)
RELLINE (6, 2, 22, 94, 22, 96)
RELLINE (6, 2, 22, 96, 22, 98)
RELLINE (6, 2, 22, 98, 22, 100)
RELLINE (6, 2, 22, 100, 22, 102)
RELLINE (6, 2, 22, 102, 22, 104)
RELLINE (6, 2, 22, 104, 22, 106)
RELLINE (6, 2, 22, 106, 24, 106)
RELLINE (6, 2, 24, 106, 26, 106)
RELLINE (6, 2, 26, 106, 28, 106)
RELLINE (6, 2, 28, 106, 30, 106)
RELLINE (6, 2, 30, 106, 32, 106)
RELLINE (6, 2, 32, 106, 34, 106)
RELLINE (6, 2, 34, 106, 36, 106)
RELLINE (6, 2, 36, 106, 38, 106)
RELLINE (6, 2, 38, 106, 40, 106)
RELLINE (6, 2, 40, 106, 42, 106)
RELLINE (6, 2, 42, 106, 44, 106)
RELLINE (6, 2, 44, 106, 46, 106)
RELLINE (6, 2, 46, 106, 48, 106)
RELLINE (6, 2, 48, 106, 50, 106)
RELLINE (6, 2, 50, 106, 52, 106)
RELLINE (6, 2, 52, 106, 54, 106)
RELLINE (6, 2, 54, 106, 56, 106)
RELLINE (6, 2, 56, 106, 58, 106)
RELLINE (6, 2, 58, 106, 60, 106)
RELLINE (6, 2, 60, 106, 62, 106)
RELLINE (6, 2, 62, 106, 63, 107)
RELLINE (6, 2, 63, 107, 64, 108)
RELLINE (6, 2, 64, 108, 66, 108)
RELLINE (6, 2, 66, 108, 68, 108)
RELLINE (6, 2, 68, 108, 70, 108)
RELLINE (6, 2, 70, 108, 72, 108)
RELLINE (6, 2, 72, 108, 74, 108)
RELLINE (6, 2, 74, 108, 76, 108)
RELLINE (6, 2, 76, 108, 78, 108)
RELLINE (6, 2, 78, 108, 80, 108)
RELLINE (6, 2, 80, 108, 82, 108)
RELLINE (6, 2, 82, 108, 84, 108)
RELLINE (6, 2, 84, 108, 86, 108)
RELLINE (6, 2, 86, 108, 88, 108)
RELLINE (6, 2, 88, 108, 90, 108)
RELLINE (6, 2, 90, 108, 92, 108)
RELLINE (6, 2, 92, 108, 94, 108)
RELLINE (6, 2, 94, 108, 96, 108)
RELLINE (6, 2, 96, 108, 98, 108)
RELLINE (6, 2, 98, 108, 100, 108)
RELLINE (6, 2, 100, 108, 102, 108)
RELLINE (6, 2, 102, 108, 104, 108)
RELLINE (6, 2, 104, 108, 105, 107)
RELLINE (6, 2, 105, 107, 106, 106)
RELLINE (6, 2, 106, 106, 106, 104)
RELLINE (6, 2, 106, 104, 106, 102)
RELLINE (6, 2, 106, 102, 106, 100)
RELLINE (6, 2, 106, 100, 106, 98)
RELLINE (6, 2, 106, 98, 106, 96)
RELLINE (6, 2, 106, 96, 106, 94)
RELLINE (6, 2, 106, 94, 106, 92)
RELLINE (6, 2, 106, 92, 106, 90)
RELLINE (6, 2, 106, 90, 106, 88)
RELLINE (6, 2, 106, 88, 106, 86)
RELLINE (6, 2, 106, 86, 106, 84)
RELLINE (6, 2, 106, 84, 106, 82)
RELLINE (6, 2, 106, 82, 106, 80)
RELLINE (6, 2, 106, 80, 104, 80)
RELLINE (6, 2, 104, 80, 105, 79)
RELLINE (6, 2, 104, 80, 102, 80)
RELLINE (6, 2, 105, 79, 106, 78)
RELLINE (6, 2, 106, 78, 106, 76)
RELLINE (6, 2, 106, 76, 106, 74)
RELLINE (6, 2, 106, 74, 106, 72)
RELLINE (6, 2, 106, 72, 106, 70)
RELLINE (6, 2, 106, 70, 106, 68)
RELLINE (6, 2, 106, 68, 106, 66)
RELLINE (6, 2, 106, 66, 105, 65)
RELLINE (6, 2, 105, 65, 104, 64)
RELLINE (6, 2, 104, 64, 104, 62)
RELLINE (6, 2, 104, 62, 102, 62)
RELLINE (6, 2, 102, 62, 102, 60)
RELLINE (6, 2, 102, 60, 102, 58)
RELLINE (6, 2, 102, 58, 102, 56)
RELLINE (6, 2, 102, 56, 102, 54)
RELLINE (6, 2, 102, 54, 102, 52)
RELLINE (6, 2, 102, 52, 100, 52)
RELLINE (6, 2, 100, 52, 98, 52)
RELLINE (6, 2, 98, 52, 97, 51)
RELLINE (6, 2, 97, 51, 96, 50)
RELLINE (6, 2, 96, 50, 96, 48)
RELLINE (6, 2, 96, 48, 94, 48)
RELLINE (6, 2, 102, 80, 101, 79)
RELLINE (6, 2, 101, 79, 100, 78)
RELLINE (6, 2, 100, 78, 98, 78)
RELLINE (6, 2, 98, 78, 96, 78)
RELLINE (6, 2, 96, 78, 94, 78)
RELLINE (6, 2, 94, 78, 92, 78)
RELLINE (6, 2, 92, 78, 90, 78)
RELLINE (6, 2, 90, 78, 88, 78)
RELLINE (6, 2, 88, 78, 86, 78)
RELLINE (6, 2, 86, 78, 84, 78)
RELLINE (6, 2, 84, 78, 82, 78)
RELLINE (6, 2, 82, 78, 80, 78)
RELLINE (6, 2, 80, 78, 78, 78)
RELLINE (6, 2, 78, 78, 76, 78)
RELLINE (6, 2, 76, 78, 75, 79)
RELLINE (6, 2, 75, 79, 74, 80)
RELLINE (6, 2, 74, 80, 72, 80)
RELLINE (6, 2, 72, 80, 72, 82)
RELLINE (6, 2, 72, 82, 71, 83)
RELLINE (6, 2, 71, 83, 70, 84)
RELLINE (6, 2, 70, 84, 69, 85)
RELLINE (6, 2, 69, 85, 68, 86)
RELLINE (6, 2, 68, 86, 66, 86)
RELLINE (6, 2, 66, 86, 66, 88)
RELLINE (6, 2, 66, 88, 66, 90)
RELLINE (6, 2, 66, 90, 66, 92)
RELLINE (6, 2, 66, 92, 66, 94)
RELLINE (6, 2, 66, 94, 65, 95)
RELLINE (6, 2, 65, 95, 64, 96)
RELLINE (6, 2, 94, 48, 93, 47)
RELLINE (6, 2, 93, 47, 92, 46)
RELLINE (6, 2, 92, 46, 90, 46)
RELLINE (6, 2, 90, 46, 88, 46)
RELLINE (6, 2, 88, 46, 86, 46)
RELLINE (6, 2, 86, 46, 84, 46)
RELLINE (6, 2, 84, 46, 82, 46)
RELLINE (6, 2, 82, 46, 80, 46)
RELLINE (6, 2, 80, 46, 78, 46)
RELLINE (6, 2, 78, 46, 76, 46)
RELLINE (6, 2, 76, 46, 74, 46)
RELLINE (6, 2, 74, 46, 72, 46)
RELLINE (6, 2, 72, 46, 70, 46)
RELLINE (6, 2, 70, 46, 68, 46)
RELLINE (6, 2, 68, 46, 66, 46)
RELLINE (6, 2, 66, 46, 64, 46)
RELLINE (6, 2, 64, 46, 62, 46)
RELLINE (6, 2, 62, 46, 60, 46)
RELLINE (6, 2, 60, 46, 59, 47)
RELLINE (6, 2, 59, 47, 58, 48)
RELLINE (6, 2, 58, 48, 56, 48)
RELLINE (7, 1, 0, 34, 2, 34)
RELLINE (7, 1, 2, 34, 4, 34)
RELLINE (7, 1, 4, 34, 6, 34)
RELLINE (7, 1, 6, 34, 8, 34)
RELLINE (7, 1, 8, 34, 10, 34)
RELLINE (7, 1, 10, 34, 12, 34)
RELLINE (7, 1, 12, 34, 14, 34)
RELLINE (7, 1, 14, 34, 16, 34)
RELLINE (7, 1, 16, 34, 18, 34)
RELLINE (7, 1, 18, 34, 20, 34)
RELLINE (7, 1, 20, 34, 22, 34)
RELLINE (7, 1, 22, 34, 24, 34)
RELLINE (7, 1, 24, 34, 24, 32)
RELLINE (7, 1, 24, 32, 25, 33)
RELLINE (7, 1, 24, 32, 26, 32)
RELLINE (7, 1, 25, 33, 26, 34)
RELLINE (7, 1, 26, 34, 26, 36)
RELLINE (7, 1, 26, 36, 27, 37)
RELLINE (7, 1, 27, 37, 28, 38)
RELLINE (7, 1, 28, 38, 28, 40)
RELLINE (7, 1, 28, 40, 28, 42)
RELLINE (7, 1, 28, 42, 27, 43)
RELLINE (7, 1, 27, 43, 26, 44)
RELLINE (7, 1, 26, 44, 26, 46)
RELLINE (7, 1, 26, 46, 26, 48)
RELLINE (7, 1, 26, 48, 26, 50)
RELLINE (7, 1, 26, 50, 27, 51)
RELLINE (7, 1, 27, 51, 28, 52)
RELLINE (7, 1, 28, 52, 29, 53)
RELLINE (7, 1, 29, 53, 30, 54)
RELLINE (7, 1, 30, 54, 30, 56)
RELLINE (7, 1, 30, 56, 30, 58)
RELLINE (7, 1, 30, 58, 30, 60)
RELLINE (7, 1, 30, 60, 30, 62)
RELLINE (7, 1, 30, 62, 30, 64)
RELLINE (7, 1, 30, 64, 30, 66)
RELLINE (7, 1, 30, 66, 30, 68)
RELLINE (7, 1, 30, 68, 30, 70)
RELLINE (7, 1, 30, 70, 30, 72)
RELLINE (7, 1, 30, 72, 30, 74)
RELLINE (7, 1, 30, 74, 30, 76)
RELLINE (7, 1, 30, 76, 31, 77)
RELLINE (7, 1, 31, 77, 32, 78)
RELLINE (7, 1, 32, 78, 32, 80)
RELLINE (7, 1, 26, 32, 27, 33)
RELLINE (7, 1, 27, 33, 28, 34)
RELLINE (7, 1, 28, 34, 30, 34)
RELLINE (7, 1, 30, 34, 32, 34)
RELLINE (7, 1, 32, 34, 34, 34)
RELLINE (7, 1, 34, 34, 36, 34)
RELLINE (7, 1, 36, 34, 38, 34)
RELLINE (7, 1, 38, 34, 40, 34)
RELLINE (7, 1, 40, 34, 42, 34)
RELLINE (7, 1, 42, 34, 44, 34)
RELLINE (7, 1, 44, 34, 46, 34)
RELLINE (7, 1, 46, 34, 48, 34)
RELLINE (7, 1, 48, 34, 50, 34)
RELLINE (7, 1, 50, 34, 51, 35)
RELLINE (7, 1, 51, 35, 52, 36)
RELLINE (7, 1, 52, 36, 53, 37)
RELLINE (7, 1, 53, 37, 54, 38)
RELLINE (7, 1, 54, 38, 56, 38)
RELLINE (7, 1, 56, 38, 58, 38)
RELLINE (7, 1, 58, 38, 60, 38)
RELLINE (7, 1, 60, 38, 62, 38)
RELLINE (7, 1, 62, 38, 63, 39)
RELLINE (7, 1, 63, 39, 64, 40)
RELLINE (7, 1, 64, 40, 66, 40)
RELLINE (7, 1, 66, 40, 67, 41)
RELLINE (7, 1, 67, 41, 68, 42)
RELLINE (7, 1, 68, 42, 70, 42)
RELLINE (7, 1, 70, 42, 70, 44)
RELLINE (7, 1, 70, 44, 70, 46)
RELLINE (7, 1, 70, 46, 71, 47)
RELLINE (7, 1, 71, 47, 72, 48)
RELLINE (7, 1, 72, 48, 74, 48)
RELLINE (7, 1, 74, 48, 75, 47)
RELLINE (7, 1, 75, 47, 76, 46)
RELLINE (7, 1, 76, 46, 77, 45)
RELLINE (7, 1, 77, 45, 78, 44)
RELLINE (7, 1, 78, 44, 79, 43)
RELLINE (7, 1, 79, 43, 80, 42)
RELLINE (7, 1, 80, 42, 82, 42)
RELLINE (7, 1, 82, 42, 84, 42)
RELLINE (7, 1, 84, 42, 86, 42)
RELLINE (7, 1, 86, 42, 86, 40)
RELLINE (7, 1, 86, 40, 88, 40)
RELLINE (7, 1, 88, 40, 90, 40)
RELLINE (7, 1, 90, 40, 91, 39)
RELLINE (7, 1, 91, 39, 92, 38)
RELLINE (7, 1, 92, 38, 94, 38)
RELLINE (7, 1, 94, 38, 96, 38)
RELLINE (7, 1, 96, 38, 98, 38)
RELLINE (7, 1, 98, 38, 99, 37)
RELLINE (7, 1, 99, 37, 100, 36)
RELLINE (7, 1, 100, 36, 102, 36)
RELLINE (7, 1, 102, 36, 102, 34)
RELLINE (7, 1, 102, 34, 104, 34)
RELLINE (7, 1, 104, 34, 104, 32)
RELLINE (7, 1, 104, 32, 105, 33)
RELLINE (7, 1, 105, 33, 106, 34)
RELLINE (7, 1, 106, 34, 106, 36)
RELLINE (7, 1, 106, 36, 106, 38)
RELLINE (7, 1, 106, 38, 106, 40)
RELLINE (7, 1, 106, 40, 106, 42)
RELLINE (7, 1, 106, 42, 106, 44)
RELLINE (7, 1, 106, 44, 106, 46)
RELLINE (7, 1, 106, 46, 107, 47)
RELLINE (7, 1, 107, 47, 108, 48)
RELLINE (7, 1, 108, 48, 108, 50)
RELLINE (7, 1, 108, 50, 108, 52)
RELLINE (7, 1, 108, 52, 108, 54)
RELLINE (7, 1, 108, 54, 108, 56)
RELLINE (7, 1, 108, 56, 108, 58)
RELLINE (7, 1, 108, 58, 108, 60)
RELLINE (7, 1, 108, 60, 108, 62)
RELLINE (7, 1, 108, 62, 108, 64)
RELLINE (7, 1, 108, 64, 108, 66)
RELLINE (7, 1, 108, 66, 106, 66)
RELLINE (7, 1, 106, 66, 105, 67)
RELLINE (7, 1, 105, 67, 104, 68)
RELLINE (7, 1, 104, 68, 102, 68)
RELLINE (7, 1, 102, 68, 101, 69)
RELLINE (7, 1, 101, 69, 100, 70)
RELLINE (7, 1, 100, 70, 99, 71)
RELLINE (7, 1, 99, 71, 98, 72)
RELLINE (7, 1, 98, 72, 98, 74)
RELLINE (7, 1, 98, 74, 97, 75)
RELLINE (7, 1, 97, 75, 96, 76)
RELLINE (7, 1, 96, 76, 94, 76)
RELLINE (7, 1, 94, 76, 92, 76)
RELLINE (7, 1, 92, 76, 92, 78)
RELLINE (7, 1, 92, 78, 91, 79)
RELLINE (7, 1, 91, 79, 90, 80)
RELLINE (7, 1, 90, 80, 88, 80)
RELLINE (8, 1, 0, 78, 2, 78)
RELLINE (8, 1, 2, 78, 4, 78)
RELLINE (8, 1, 4, 78, 6, 78)
RELLINE (8, 1, 6, 78, 8, 78)
RELLINE (8, 1, 8, 78, 10, 78)
RELLINE (8, 1, 10, 78, 12, 78)
RELLINE (8, 1, 12, 78, 14, 78)
RELLINE (8, 1, 14, 78, 16, 78)
RELLINE (8, 1, 16, 78, 18, 78)
RELLINE (8, 1, 18, 78, 20, 78)
RELLINE (8, 1, 20, 78, 21, 79)
RELLINE (8, 1, 21, 79, 22, 80)
RELLINE (8, 1, 22, 80, 24, 80)
RELLINE (8, 1, 24, 80, 23, 79)
RELLINE (8, 1, 24, 80, 26, 80)
RELLINE (8, 1, 23, 79, 22, 78)
RELLINE (8, 1, 22, 78, 22, 76)
RELLINE (8, 1, 22, 76, 22, 74)
RELLINE (8, 1, 22, 74, 22, 72)
RELLINE (8, 1, 22, 72, 22, 70)
RELLINE (8, 1, 22, 70, 22, 68)
RELLINE (8, 1, 22, 68, 22, 66)
RELLINE (8, 1, 22, 66, 22, 64)
RELLINE (8, 1, 22, 64, 22, 62)
RELLINE (8, 1, 22, 62, 22, 60)
RELLINE (8, 1, 22, 60, 20, 60)
RELLINE (8, 1, 20, 60, 20, 58)
RELLINE (8, 1, 20, 58, 20, 56)
RELLINE (8, 1, 20, 56, 20, 54)
RELLINE (8, 1, 20, 54, 20, 52)
RELLINE (8, 1, 20, 52, 20, 50)
RELLINE (8, 1, 20, 50, 21, 49)
RELLINE (8, 1, 21, 49, 22, 48)
RELLINE (8, 1, 22, 48, 24, 48)
RELLINE (8, 1, 26, 80, 27, 81)
RELLINE (8, 1, 27, 81, 28, 80)
RELLINE (8, 1, 28, 80, 29, 81)
RELLINE (8, 1, 29, 81, 30, 82)
RELLINE (8, 1, 30, 82, 32, 82)
RELLINE (8, 1, 32, 82, 34, 82)
RELLINE (8, 1, 34, 82, 35, 81)
RELLINE (8, 1, 35, 81, 36, 80)
RELLINE (8, 1, 36, 80, 37, 79)
RELLINE (8, 1, 37, 79, 38, 78)
RELLINE (8, 1, 38, 78, 40, 78)
RELLINE (8, 1, 40, 78, 42, 78)
RELLINE (8, 1, 42, 78, 43, 77)
RELLINE (8, 1, 43, 77, 44, 76)
RELLINE (8, 1, 44, 76, 45, 75)
RELLINE (8, 1, 45, 75, 46, 74)
RELLINE (8, 1, 46, 74, 48, 74)
RELLINE (8, 1, 48, 74, 50, 74)
RELLINE (8, 1, 50, 74, 52, 74)
RELLINE (8, 1, 52, 74, 53, 73)
RELLINE (8, 1, 53, 73, 54, 72)
RELLINE (8, 1, 54, 72, 55, 71)
RELLINE (8, 1, 55, 71, 56, 70)
RELLINE (8, 1, 56, 70, 58, 70)
RELLINE (8, 1, 58, 70, 60, 70)
RELLINE (8, 1, 60, 70, 62, 70)
RELLINE (8, 1, 62, 70, 64, 70)
RELLINE (8, 1, 64, 70, 66, 70)
RELLINE (8, 1, 66, 70, 68, 70)
RELLINE (8, 1, 68, 70, 68, 68)
RELLINE (8, 1, 68, 68, 68, 66)
RELLINE (8, 1, 68, 66, 69, 65)
RELLINE (8, 1, 69, 65, 70, 64)
RELLINE (8, 1, 70, 64, 72, 64)
RELLINE (8, 1, 72, 64, 74, 64)
RELLINE (8, 1, 74, 64, 75, 63)
RELLINE (8, 1, 75, 63, 76, 62)
RELLINE (8, 1, 76, 62, 78, 62)
RELLINE (8, 1, 78, 62, 80, 62)
RELLINE (8, 1, 80, 62, 82, 62)
RELLINE (8, 1, 82, 62, 84, 62)
RELLINE (8, 1, 84, 62, 86, 62)
RELLINE (8, 1, 86, 62, 86, 60)
RELLINE (8, 1, 86, 60, 86, 58)
RELLINE (8, 1, 86, 58, 86, 56)
RELLINE (8, 1, 86, 56, 86, 54)
RELLINE (8, 1, 86, 54, 88, 54)
RELLINE (8, 1, 88, 54, 90, 54)
RELLINE (8, 1, 90, 54, 91, 53)
RELLINE (8, 1, 91, 53, 92, 52)
RELLINE (8, 1, 92, 52, 93, 51)
RELLINE (8, 1, 93, 51, 94, 50)
RELLINE (8, 1, 94, 50, 96, 50)
RELLINE (8, 1, 96, 50, 97, 49)
RELLINE (8, 1, 97, 49, 98, 48)
RELLINE (8, 1, 98, 48, 99, 47)
RELLINE (8, 1, 99, 47, 100, 46)
RELLINE (8, 1, 100, 46, 102, 46)
RELLINE (8, 1, 102, 46, 104, 46)
RELLINE (8, 1, 104, 46, 105, 47)
RELLINE (8, 1, 105, 47, 106, 48)
RELLINE (8, 1, 106, 48, 106, 50)
RELLINE (8, 1, 106, 50, 106, 52)
RELLINE (8, 1, 106, 52, 106, 54)
RELLINE (8, 1, 106, 54, 104, 54)
RELLINE (8, 1, 104, 54, 103, 55)
RELLINE (8, 1, 103, 55, 102, 56)
RELLINE (8, 1, 102, 56, 102, 58)
RELLINE (8, 1, 102, 58, 101, 59)
RELLINE (8, 1, 101, 59, 100, 60)
RELLINE (8, 1, 100, 60, 100, 62)
RELLINE (8, 1, 100, 62, 100, 64)
RELLINE (8, 1, 100, 64, 100, 66)
RELLINE (8, 1, 100, 66, 100, 68)
RELLINE (8, 1, 100, 68, 99, 69)
RELLINE (8, 1, 99, 69, 98, 70)
RELLINE (8, 1, 98, 70, 96, 70)
RELLINE (8, 1, 96, 70, 95, 71)
RELLINE (8, 1, 95, 71, 94, 72)
RELLINE (8, 1, 94, 72, 93, 73)
RELLINE (8, 1, 93, 73, 92, 74)
RELLINE (8, 1, 92, 74, 90, 74)
RELLINE (8, 1, 90, 74, 90, 76)
RELLINE (8, 1, 90, 76, 90, 78)
RELLINE (8, 1, 90, 78, 88, 78)
RELLINE (8, 1, 88, 78, 87, 79)
RELLINE (8, 1, 87, 79, 86, 80)
RELLINE (8, 1, 86, 80, 87, 81)
RELLINE (8, 1, 87, 81, 88, 82)
RELLINE (8, 1, 88, 82, 90, 82)
RELLINE (8, 1, 90, 82, 92, 82)
RELLINE (8, 1, 92, 82, 94, 82)
RELLINE (8, 1, 94, 82, 96, 82)
RELLINE (8, 1, 96, 82, 98, 82)
RELLINE (8, 1, 98, 82, 98, 84)
RELLINE (8, 1, 98, 84, 98, 86)
RELLINE (8, 1, 98, 86, 99, 87)
RELLINE (8, 1, 99, 87, 100, 88)
RELLINE (8, 1, 100, 88, 100, 90)
RELLINE (8, 1, 100, 90, 101, 91)
RELLINE (8, 1, 101, 91, 102, 92)
RELLINE (8, 1, 102, 92, 103, 93)
RELLINE (8, 1, 103, 93, 104, 94)
RELLINE (8, 1, 104, 94, 104, 96)
RELLINE (9, 0, 128, 56, 126, 56)
RELLINE (9, 0, 126, 56, 124, 56)
RELLINE (9, 0, 124, 56, 122, 56)
RELLINE (9, 0, 122, 56, 120, 56)
RELLINE (9, 0, 120, 56, 118, 56)
RELLINE (9, 0, 118, 56, 117, 57)
RELLINE (9, 0, 117, 57, 116, 58)
RELLINE (9, 0, 116, 58, 114, 58)
RELLINE (9, 0, 114, 58, 113, 59)
RELLINE (9, 0, 113, 59, 112, 60)
RELLINE (9, 0, 112, 60, 110, 60)
RELLINE (9, 0, 110, 60, 108, 60)
RELLINE (9, 0, 108, 60, 106, 60)
RELLINE (9, 0, 106, 60, 105, 59)
RELLINE (9, 0, 105, 59, 104, 58)
RELLINE (9, 0, 104, 58, 104, 56)
RELLINE (9, 0, 104, 56, 103, 55)
RELLINE (9, 0, 103, 55, 102, 54)
RELLINE (9, 0, 102, 54, 101, 53)
RELLINE (9, 0, 101, 53, 100, 52)
RELLINE (9, 0, 100, 52, 100, 50)
RELLINE (9, 0, 100, 50, 99, 49)
RELLINE (9, 0, 99, 49, 98, 48)
RELLINE (9, 0, 98, 48, 98, 46)
RELLINE (9, 0, 98, 46, 96, 46)
RELLINE (9, 0, 96, 46, 94, 46)
RELLINE (9, 0, 94, 46, 92, 46)
RELLINE (9, 0, 92, 46, 90, 46)
RELLINE (9, 0, 90, 46, 88, 46)
RELLINE (9, 0, 88, 46, 86, 46)
RELLINE (9, 0, 86, 46, 85, 45)
RELLINE (9, 0, 85, 45, 84, 44)
RELLINE (9, 0, 84, 44, 82, 44)
RELLINE (9, 0, 82, 44, 80, 44)
RELLINE (9, 0, 80, 44, 78, 44)
RELLINE (9, 0, 78, 44, 76, 44)
RELLINE (9, 0, 76, 44, 74, 44)
RELLINE (9, 0, 74, 44, 73, 43)
RELLINE (9, 0, 73, 43, 72, 42)
RELLINE (9, 0, 72, 42, 70, 42)
RELLINE (9, 0, 70, 42, 68, 42)
RELLINE (9, 0, 68, 42, 66, 42)
RELLINE (9, 0, 66, 42, 65, 41)
RELLINE (9, 0, 65, 41, 64, 40)
RELLINE (9, 0, 64, 40, 62, 40)
RELLINE (9, 0, 62, 40, 62, 42)
RELLINE (9, 0, 62, 42, 61, 43)
RELLINE (9, 0, 61, 43, 60, 44)
RELLINE (9, 0, 60, 44, 60, 46)
RELLINE (9, 0, 60, 46, 59, 47)
RELLINE (9, 0, 59, 47, 58, 48)
RELLINE (9, 0, 58, 48, 58, 50)
RELLINE (9, 0, 58, 50, 58, 52)
RELLINE (9, 0, 58, 52, 58, 54)
RELLINE (9, 0, 58, 54, 58, 56)
RELLINE (9, 0, 58, 56, 58, 58)
RELLINE (9, 0, 58, 58, 58, 60)
RELLINE (9, 0, 58, 60, 58, 62)
RELLINE (9, 0, 58, 62, 58, 64)
RELLINE (9, 0, 58, 64, 58, 66)
RELLINE (9, 0, 58, 66, 58, 68)
RELLINE (9, 0, 58, 68, 57, 69)
RELLINE (9, 0, 57, 69, 56, 70)
RELLINE (9, 0, 56, 70, 56, 72)
RELLINE (9, 0, 56, 72, 54, 72)
RELLINE (9, 0, 54, 72, 53, 73)
RELLINE (9, 0, 53, 73, 52, 74)
RELLINE (9, 0, 52, 74, 51, 75)
RELLINE (9, 0, 51, 75, 50, 76)
RELLINE (9, 0, 50, 76, 49, 77)
RELLINE (9, 0, 49, 77, 48, 78)
RELLINE (9, 0, 48, 78, 48, 80)
RELLINE (10, 0, 68, 128, 68, 126)
RELLINE (10, 0, 68, 126, 68, 124)
RELLINE (10, 0, 68, 124, 68, 122)
RELLINE (10, 0, 68, 122, 68, 120)
RELLINE (10, 0, 68, 120, 68, 118)
RELLINE (10, 0, 68, 118, 68, 116)
RELLINE (10, 0, 68, 116, 68, 114)
RELLINE (10, 0, 68, 114, 68, 112)
RELLINE (10, 0, 68, 112, 68, 110)
RELLINE (10, 0, 68, 110, 68, 108)
RELLINE (10, 0, 68, 108, 68, 106)
RELLINE (10, 0, 68, 106, 68, 104)
RELLINE (10, 0, 68, 104, 68, 102)
RELLINE (10, 0, 68, 102, 68, 100)
RELLINE (10, 0, 68, 100, 68, 98)
RELLINE (10, 0, 68, 98, 68, 96)
RELLINE (10, 0, 68, 96, 68, 94)
RELLINE (10, 0, 68, 94, 68, 92)
RELLINE (10, 0, 68, 92, 68, 90)
RELLINE (10, 0, 68, 90, 68, 88)
RELLINE (10, 0, 68, 88, 67, 87)
RELLINE (10, 0, 67, 87, 66, 86)
RELLINE (10, 0, 66, 86, 66, 84)
RELLINE (10, 0, 66, 84, 66, 82)
RELLINE (10, 0, 66, 82, 65, 81)
RELLINE (10, 0, 65, 81, 64, 80)
RELLINE (11, 0, 128, 78, 126, 78)
RELLINE (11, 0, 126, 78, 124, 78)
RELLINE (11, 0, 124, 78, 122, 78)
RELLINE (11, 0, 122, 78, 120, 78)
RELLINE (11, 0, 120, 78, 118, 78)
RELLINE (11, 0, 118, 78, 117, 77)
RELLINE (11, 0, 117, 77, 116, 76)
RELLINE (11, 0, 116, 76, 114, 76)
RELLINE (11, 0, 114, 76, 112, 76)
RELLINE (11, 0, 112, 76, 110, 76)
RELLINE (11, 0, 110, 76, 108, 76)
RELLINE (11, 0, 108, 76, 106, 76)
RELLINE (11, 0, 106, 76, 104, 76)
RELLINE (11, 0, 104, 76, 102, 76)
RELLINE (11, 0, 102, 76, 101, 77)
RELLINE (11, 0, 101, 77, 100, 78)
RELLINE (11, 0, 100, 78, 99, 79)
RELLINE (11, 0, 99, 79, 98, 80)
RELLINE (11, 0, 98, 80, 96, 80)
RELLINE (11, 0, 96, 80, 95, 79)
RELLINE (11, 0, 96, 80, 94, 80)
RELLINE (11, 0, 95, 79, 94, 78)
RELLINE (11, 0, 94, 78, 94, 76)
RELLINE (11, 0, 94, 76, 94, 74)
RELLINE (11, 0, 94, 74, 94, 72)
RELLINE (11, 0, 94, 72, 94, 70)
RELLINE (11, 0, 94, 70, 94, 68)
RELLINE (11, 0, 94, 68, 92, 68)
RELLINE (11, 0, 92, 68, 92, 66)
RELLINE (11, 0, 92, 66, 91, 65)
RELLINE (11, 0, 91, 65, 90, 64)
RELLINE (11, 0, 90, 64, 88, 64)
RELLINE (11, 0, 88, 64, 88, 62)
RELLINE (11, 0, 88, 62, 87, 61)
RELLINE (11, 0, 87, 61, 86, 60)
RELLINE (11, 0, 86, 60, 84, 60)
RELLINE (11, 0, 84, 60, 83, 59)
RELLINE (11, 0, 83, 59, 82, 58)
RELLINE (11, 0, 82, 58, 82, 56)
RELLINE (11, 0, 82, 56, 82, 54)
RELLINE (11, 0, 82, 54, 82, 52)
RELLINE (11, 0, 82, 52, 81, 51)
RELLINE (11, 0, 81, 51, 80, 50)
RELLINE (11, 0, 80, 50, 80, 48)
RELLINE (11, 0, 94, 80, 93, 79)
RELLINE (11, 0, 93, 79, 92, 78)
RELLINE (11, 0, 92, 78, 90, 78)
RELLINE (11, 0, 90, 78, 88, 78)
RELLINE (11, 0, 88, 78, 86, 78)
RELLINE (11, 0, 86, 78, 84, 78)
RELLINE (11, 0, 84, 78, 82, 78)
RELLINE (11, 0, 82, 78, 80, 78)
RELLINE (11, 0, 80, 78, 79, 77)
RELLINE (11, 0, 79, 77, 78, 76)
RELLINE (11, 0, 78, 76, 76, 76)
RELLINE (11, 0, 76, 76, 74, 76)
RELLINE (11, 0, 74, 76, 72, 76)
RELLINE (11, 0, 72, 76, 70, 76)
RELLINE (11, 0, 70, 76, 68, 76)
RELLINE (11, 0, 68, 76, 66, 76)
RELLINE (11, 0, 66, 76, 64, 76)
RELLINE (11, 0, 64, 76, 63, 77)
RELLINE (11, 0, 63, 77, 62, 78)
RELLINE (11, 0, 62, 78, 62, 80)
RELLINE (11, 0, 62, 80, 61, 81)
RELLINE (11, 0, 61, 81, 60, 82)
RELLINE (11, 0, 60, 82, 60, 84)
RELLINE (11, 0, 60, 84, 61, 85)
RELLINE (11, 0, 61, 85, 62, 86)
RELLINE (11, 0, 62, 86, 63, 87)
RELLINE (11, 0, 63, 87, 64, 88)
RELLINE (11, 0, 64, 88, 62, 88)
RELLINE (11, 0, 62, 88, 61, 87)
RELLINE (11, 0, 61, 87, 60, 88)
RELLINE (11, 0, 60, 88, 59, 87)
RELLINE (11, 0, 59, 87, 58, 86)
RELLINE (11, 0, 58, 86, 56, 86)
RELLINE (11, 0, 56, 86, 54, 86)
RELLINE (11, 0, 54, 86, 52, 86)
RELLINE (11, 0, 52, 86, 50, 86)
RELLINE (11, 0, 50, 86, 48, 86)
RELLINE (11, 0, 48, 86, 46, 86)
RELLINE (11, 0, 46, 86, 44, 86)
RELLINE (11, 0, 44, 86, 44, 84)
RELLINE (11, 0, 44, 84, 43, 83)
RELLINE (11, 0, 43, 83, 42, 82)
RELLINE (11, 0, 42, 82, 41, 81)
RELLINE (11, 0, 41, 81, 40, 80)
RELLINE (12, 0, 128, 44, 126, 44)
RELLINE (12, 0, 126, 44, 124, 44)
RELLINE (12, 0, 124, 44, 122, 44)
RELLINE (12, 0, 122, 44, 120, 44)
RELLINE (12, 0, 120, 44, 118, 44)
RELLINE (12, 0, 118, 44, 116, 44)
RELLINE (12, 0, 116, 44, 114, 44)
RELLINE (12, 0, 114, 44, 112, 44)
RELLINE (12, 0, 112, 44, 110, 44)
RELLINE (12, 0, 110, 44, 108, 44)
RELLINE (12, 0, 108, 44, 106, 44)
RELLINE (12, 0, 106, 44, 105, 43)
RELLINE (12, 0, 105, 43, 104, 42)
RELLINE (12, 0, 104, 42, 104, 40)
RELLINE (12, 0, 104, 40, 102, 40)
RELLINE (12, 0, 102, 40, 101, 39)
RELLINE (12, 0, 101, 39, 100, 38)
RELLINE (12, 0, 100, 38, 98, 38)
RELLINE (12, 0, 98, 38, 96, 38)
RELLINE (12, 0, 96, 38, 94, 38)
RELLINE (12, 0, 94, 38, 92, 38)
RELLINE (12, 0, 92, 38, 90, 38)
RELLINE (12, 0, 90, 38, 88, 38)
RELLINE (12, 0, 88, 38, 86, 38)
RELLINE (12, 0, 86, 38, 84, 38)
RELLINE (12, 0, 84, 38, 82, 38)
RELLINE (12, 0, 82, 38, 80, 38)
RELLINE (12, 0, 80, 38, 78, 38)
RELLINE (12, 0, 78, 38, 76, 38)
RELLINE (12, 0, 76, 38, 74, 38)
RELLINE (12, 0, 74, 38, 72, 38)
RELLINE (12, 0, 72, 38, 70, 38)
RELLINE (12, 0, 70, 38, 68, 38)
RELLINE (12, 0, 68, 38, 67, 37)
RELLINE (12, 0, 67, 37, 66, 36)
RELLINE (12, 0, 66, 36, 64, 36)
RELLINE (12, 0, 64, 36, 62, 36)
RELLINE (12, 0, 62, 36, 60, 36)
RELLINE (12, 0, 60, 36, 58, 36)
RELLINE (12, 0, 58, 36, 56, 36)
RELLINE (12, 0, 56, 36, 54, 36)
RELLINE (12, 0, 54, 36, 53, 37)
RELLINE (12, 0, 53, 37, 52, 38)
RELLINE (12, 0, 52, 38, 51, 39)
RELLINE (12, 0, 51, 39, 50, 40)
RELLINE (12, 0, 50, 40, 49, 41)
RELLINE (12, 0, 49, 41, 48, 42)
RELLINE (12, 0, 48, 42, 47, 43)
RELLINE (12, 0, 47, 43, 46, 44)
RELLINE (12, 0, 46, 44, 45, 45)
RELLINE (12, 0, 45, 45, 44, 46)
RELLINE (12, 0, 44, 46, 43, 47)
RELLINE (12, 0, 43, 47, 42, 48)
RELLINE (12, 0, 42, 48, 40, 48)
RELLINE (12, 0, 40, 48, 40, 50)
RELLINE (12, 0, 40, 50, 39, 51)
RELLINE (12, 0, 39, 51, 38, 52)
RELLINE (12, 0, 38, 52, 37, 53)
RELLINE (12, 0, 37, 53, 36, 54)
RELLINE (12, 0, 36, 54, 36, 56)
RELLINE (12, 0, 36, 56, 36, 58)
RELLINE (12, 0, 36, 58, 35, 59)
RELLINE (12, 0, 35, 59, 34, 60)
RELLINE (12, 0, 34, 60, 34, 62)
RELLINE (12, 0, 34, 62, 32, 62)
RELLINE (12, 0, 32, 62, 32, 64)
RELLINE (12, 0, 32, 64, 30, 64)
RELLINE (12, 0, 30, 64, 30, 66)
RELLINE (12, 0, 30, 66, 29, 67)
RELLINE (12, 0, 29, 67, 28, 68)
RELLINE (12, 0, 28, 68, 27, 69)
RELLINE (12, 0, 27, 69, 26, 70)
RELLINE (12, 0, 26, 70, 25, 71)
RELLINE (12, 0, 25, 71, 24, 72)
RELLINE (13, 1, 0, 100, 2, 100)
RELLINE (13, 1, 2, 100, 4, 100)
RELLINE (13, 1, 4, 100, 6, 100)
RELLINE (13, 1, 6, 100, 8, 100)
RELLINE (13, 1, 8, 100, 10, 100)
RELLINE (13, 1, 10, 100, 12, 100)
RELLINE (13, 1, 12, 100, 13, 99)
RELLINE (13, 1, 13, 99, 14, 98)
RELLINE (13, 1, 14, 98, 16, 98)
RELLINE (13, 1, 16, 98, 18, 98)
RELLINE (13, 1, 18, 98, 20, 98)
RELLINE (13, 1, 20, 98, 22, 98)
RELLINE (13, 1, 22, 98, 23, 97)
RELLINE (13, 1, 23, 97, 24, 96)
RELLINE (13, 1, 24, 96, 26, 96)
RELLINE (13, 1, 26, 96, 27, 95)
RELLINE (13, 1, 27, 95, 28, 94)
RELLINE (13, 1, 28, 94, 29, 93)
RELLINE (13, 1, 29, 93, 30, 92)
RELLINE (13, 1, 30, 92, 32, 92)
RELLINE (13, 1, 32, 92, 34, 92)
RELLINE (13, 1, 34, 92, 36, 92)
RELLINE (13, 1, 36, 92, 38, 92)
RELLINE (13, 1, 38, 92, 40, 92)
RELLINE (13, 1, 40, 92, 42, 92)
RELLINE (13, 1, 42, 92, 44, 92)
RELLINE (13, 1, 44, 92, 46, 92)
RELLINE (13, 1, 46, 92, 46, 90)
RELLINE (13, 1, 46, 90, 46, 88)
RELLINE (13, 1, 46, 88, 46, 86)
RELLINE (13, 1, 46, 86, 47, 85)
RELLINE (13, 1, 47, 85, 48, 84)
RELLINE (13, 1, 48, 84, 49, 83)
RELLINE (13, 1, 49, 83, 50, 82)
RELLINE (13, 1, 50, 82, 52, 82)
RELLINE (13, 1, 52, 82, 54, 82)
RELLINE (13, 1, 54, 82, 54, 80)
RELLINE (13, 1, 54, 80, 56, 80)
RELLINE (13, 1, 56, 80, 58, 80)
RELLINE (13, 1, 58, 80, 59, 79)
RELLINE (13, 1, 59, 79, 60, 78)
RELLINE (13, 1, 60, 78, 62, 78)
RELLINE (13, 1, 62, 78, 64, 78)
RELLINE (13, 1, 64, 78, 66, 78)
RELLINE (13, 1, 66, 78, 68, 78)
RELLINE (13, 1, 68, 78, 70, 78)
RELLINE (13, 1, 70, 78, 72, 78)
RELLINE (13, 1, 72, 78, 73, 79)
RELLINE (13, 1, 73, 79, 74, 80)
RELLINE (13, 1, 74, 80, 75, 79)
RELLINE (13, 1, 75, 79, 76, 78)
RELLINE (13, 1, 76, 78, 78, 78)
RELLINE (13, 1, 78, 78, 79, 79)
RELLINE (13, 1, 79, 79, 80, 80)
RELLINE (13, 1, 80, 80, 82, 80)
RELLINE (13, 1, 82, 80, 83, 79)
RELLINE (13, 1, 83, 79, 84, 78)
RELLINE (13, 1, 84, 78, 86, 78)
RELLINE (13, 1, 86, 78, 86, 76)
RELLINE (13, 1, 86, 76, 87, 75)
RELLINE (13, 1, 87, 75, 88, 74)
RELLINE (13, 1, 88, 74, 89, 73)
RELLINE (13, 1, 89, 73, 90, 72)
RELLINE (13, 1, 90, 72, 91, 71)
RELLINE (13, 1, 91, 71, 92, 70)
RELLINE (13, 1, 92, 70, 94, 70)
RELLINE (13, 1, 94, 70, 94, 68)
RELLINE (13, 1, 94, 68, 94, 66)
RELLINE (13, 1, 94, 66, 96, 66)
RELLINE (13, 1, 96, 66, 96, 64)
RELLINE (13, 1, 96, 64, 96, 62)
RELLINE (13, 1, 96, 62, 97, 61)
RELLINE (13, 1, 97, 61, 98, 60)
RELLINE (13, 1, 98, 60, 99, 59)
RELLINE (13, 1, 99, 59, 100, 58)
RELLINE (13, 1, 100, 58, 100, 56)
RELLINE (13, 1, 100, 56, 101, 55)
RELLINE (13, 1, 101, 55, 102, 54)
RELLINE (13, 1, 102, 54, 102, 52)
RELLINE (13, 1, 102, 52, 103, 51)
RELLINE (13, 1, 103, 51, 104, 50)
RELLINE (13, 1, 104, 50, 104, 48)
RELLINE (14, 2, 128, 44, 126, 44)
RELLINE (14, 2, 126, 44, 124, 44)
RELLINE (14, 2, 124, 44, 122, 44)
RELLINE (14, 2, 122, 44, 120, 44)
RELLINE (14, 2, 120, 44, 118, 44)
RELLINE (14, 2, 118, 44, 116, 44)
RELLINE (14, 2, 116, 44, 114, 44)
RELLINE (14, 2, 114, 44, 112, 44)
RELLINE (14, 2, 112, 44, 110, 44)
RELLINE (14, 2, 110, 44, 108, 44)
RELLINE (14, 2, 108, 44, 106, 44)
RELLINE (14, 2, 106, 44, 104, 44)
RELLINE (14, 2, 104, 44, 102, 44)
RELLINE (14, 2, 102, 44, 100, 44)
RELLINE (14, 2, 100, 44, 98, 44)
RELLINE (14, 2, 98, 44, 96, 44)
RELLINE (14, 2, 96, 44, 94, 44)
RELLINE (14, 2, 94, 44, 92, 44)
RELLINE (14, 2, 92, 44, 90, 44)
RELLINE (14, 2, 90, 44, 88, 44)
RELLINE (14, 2, 88, 44, 86, 44)
RELLINE (14, 2, 86, 44, 84, 44)
RELLINE (14, 2, 84, 44, 82, 44)
RELLINE (14, 2, 82, 44, 80, 44)
RELLINE (14, 2, 80, 44, 78, 44)
RELLINE (14, 2, 78, 44, 76, 44)
RELLINE (14, 2, 76, 44, 74, 44)
RELLINE (14, 2, 74, 44, 72, 44)
RELLINE (14, 2, 72, 44, 70, 44)
RELLINE (14, 2, 70, 44, 68, 44)
RELLINE (14, 2, 68, 44, 66, 44)
RELLINE (14, 2, 66, 44, 64, 44)
RELLINE (14, 2, 64, 44, 62, 44)
RELLINE (14, 2, 62, 44, 60, 44)
RELLINE (14, 2, 60, 44, 58, 44)
RELLINE (14, 2, 58, 44, 57, 45)
RELLINE (14, 2, 57, 45, 56, 46)
RELLINE (14, 2, 56, 46, 55, 47)
RELLINE (14, 2, 55, 47, 54, 48)
RELLINE (14, 2, 54, 48, 55, 49)
RELLINE (14, 2, 55, 49, 56, 50)
RELLINE (14, 2, 56, 50, 58, 50)
RELLINE (14, 2, 58, 50, 60, 50)
RELLINE (14, 2, 60, 50, 61, 49)
RELLINE (14, 2, 61, 49, 62, 48)
RELLINE (14, 2, 62, 48, 64, 48)
RELLINE (14, 2, 64, 48, 66, 48)
RELLINE (14, 2, 64, 48, 64, 50)
RELLINE (14, 2, 66, 48, 67, 49)
RELLINE (14, 2, 67, 49, 68, 50)
RELLINE (14, 2, 68, 50, 70, 50)
RELLINE (14, 2, 70, 50, 72, 50)
RELLINE (14, 2, 72, 50, 74, 50)
RELLINE (14, 2, 74, 50, 76, 50)
RELLINE (14, 2, 76, 50, 78, 50)
RELLINE (14, 2, 78, 50, 80, 50)
RELLINE (14, 2, 80, 50, 82, 50)
RELLINE (14, 2, 82, 50, 84, 50)
RELLINE (14, 2, 84, 50, 86, 50)
RELLINE (14, 2, 86, 50, 87, 49)
RELLINE (14, 2, 87, 49, 88, 48)
RELLINE (14, 2, 88, 48, 89, 49)
RELLINE (14, 2, 89, 49, 90, 50)
RELLINE (14, 2, 90, 50, 90, 52)
RELLINE (14, 2, 90, 52, 90, 54)
RELLINE (14, 2, 90, 54, 90, 56)
RELLINE (14, 2, 90, 56, 90, 58)
RELLINE (14, 2, 90, 58, 91, 59)
RELLINE (14, 2, 91, 59, 92, 60)
RELLINE (14, 2, 92, 60, 94, 60)
RELLINE (14, 2, 94, 60, 95, 61)
RELLINE (14, 2, 95, 61, 96, 62)
RELLINE (14, 2, 96, 62, 97, 63)
RELLINE (14, 2, 97, 63, 98, 64)
RELLINE (14, 2, 98, 64, 98, 66)
RELLINE (14, 2, 98, 66, 100, 66)
RELLINE (14, 2, 100, 66, 101, 67)
RELLINE (14, 2, 101, 67, 102, 68)
RELLINE (14, 2, 102, 68, 103, 69)
RELLINE (14, 2, 103, 69, 104, 70)
RELLINE (14, 2, 104, 70, 104, 72)
RELLINE (14, 2, 64, 50, 63, 51)
RELLINE (14, 2, 63, 51, 62, 52)
RELLINE (14, 2, 62, 52, 60, 52)
RELLINE (14, 2, 60, 52, 58, 52)
RELLINE (14, 2, 58, 52, 56, 52)
RELLINE (14, 2, 56, 52, 54, 52)
RELLINE (14, 2, 54, 52, 52, 52)
RELLINE (14, 2, 52, 52, 50, 52)
RELLINE (14, 2, 50, 52, 49, 51)
RELLINE (14, 2, 49, 51, 48, 50)
RELLINE (14, 2, 48, 50, 47, 49)
RELLINE (14, 2, 47, 49, 46, 48)
RELLINE (14, 2, 46, 48, 45, 47)
RELLINE (14, 2, 45, 47, 44, 46)
RELLINE (14, 2, 44, 46, 42, 46)
RELLINE (14, 2, 42, 46, 40, 46)
RELLINE (14, 2, 40, 46, 38, 46)
RELLINE (14, 2, 38, 46, 37, 45)
RELLINE (14, 2, 37, 45, 36, 44)
RELLINE (14, 2, 36, 44, 34, 44)
RELLINE (14, 2, 34, 44, 32, 44)
RELLINE (14, 2, 32, 44, 30, 44)
RELLINE (14, 2, 30, 44, 28, 44)
RELLINE (14, 2, 28, 44, 27, 43)
RELLINE (14, 2, 27, 43, 26, 42)
RELLINE (14, 2, 26, 42, 25, 41)
RELLINE (14, 2, 25, 41, 24, 40)
