DIM (15, 15)

// PCR from following paper:
// T. Xu and K. Chakrabarty. Broadcast electrode-addressing for pin-constrained multi-functional digital microfluidic biochips. DAC, 2008
PINMAP (-1,	-1,	-1,	-1,	-1,	-1,	-1,	1,	-1,	-1,	-1,	-1,	-1,	-1,	-1,-1,	-1,	-1,	-1,	-1,	-1,	-1,	2,	-1,	-1,	-1,	-1,	-1,	-1,	-1,1,	2,	3,	-1,	-1,	-1,	-1,	3,	-1,	-1,	-1,	-1,	3,	2,	1,-1,	-1,	7,	-1,	-1,	-1,	-1,	5,	-1,	-1,	-1,	-1,	7,	-1,	-1,-1,	-1,	14,	-1,	-1,	-1,	-1,	9,	-1,	-1,	-1,	-1,	12,	-1,	-1,-1,	-1,	8,	3,	12,	1,	6,	14,	7,	11,	14,	6,	13,	-1,	-1,-1,	-1,	6,	-1,	-1,	-1,	-1,	-1,	-1,	-1,	-1,	-1,	9,	-1,	-1,1,	4,	5,	-1,	-1,	-1,	-1,	-1,	-1,	-1,	-1,	-1,	6,	5,	1,-1,	-1,	12,	-1,	-1,	-1,	-1,	-1,	-1,	-1,	-1,	-1,	14,	-1,	-1,-1,	-1,	8,	7,	11,	9,	13,	10,	6,	13,	7,	11,	6,	-1,	-1,-1,	-1,	4,	-1,	-1,	-1,	-1,	11,	-1,	-1,	-1,	-1,	2,	-1,	-1,-1,	-1,	13,	-1,	-1,	-1,	-1,	6,	-1,	-1,	-1,	-1,	8,	-1,	-1,1,	2,	3,	-1,	-1,	-1,	-1,	3,	-1,	-1,	-1,	-1,	3,	2,	1,-1,	-1,	-1,	-1,	-1,	-1,	-1,	2,	-1,	-1,	-1,	-1,	-1,	-1,	-1,-1,	-1,	-1,	-1,	-1,	-1,	-1,	1,	-1,	-1,	-1,	-1,	-1,	-1,	-1)




// Wire-segment descriptions
NUMHTRACKS (2)
NUMVTRACKS (2)
